data/itch/12302019.NASDAQ_ITCH50: 268744780 messages, book_errors 0, timer rdtsc (0.41 ns/tick)
  type          count     mean     p50     p90     p99    p99.9        max   (ns)
  timer      10000000     25.3      30      30      30       30      23264
  A         117145568    303.1     251     561     992     1553    1835774
  F           1485888    305.8     210     591    1233     2715     722223
  E           5722824    461.7     411     902    1563     2044     213383
  C             99917    306.2     180     611    1383     1893      66115
  X           2787676    264.6     211     481    1062     1573      72767
  D         114360997    435.9     381     832    1463     1954     268918
  U          21639067    699.1     581    1363    1904     3046     208944
  book      263241937    396.4     321     772    1493     2054    1835774
  all       268744780    388.9     311     771    1483     2054    1835774
