data/itch/12302019.NASDAQ_ITCH50: 268744780 messages, book_errors 0, timer rdtsc (0.41 ns/tick)
  type          count     mean     p50     p90     p99    p99.9        max   (ns)
  timer      10000000     25.3      30      30      30       30      22993
  A         117145568    171.0     160     210     451      561     472603
  F           1485888    189.1     170     240     481     2064     117961
  E           5722824    175.7     160     301     551      771      92203
  C             99917    134.0     110     231     461      701      16361
  X           2787676    128.3     100     231     431      661      51336
  D         114360997    180.7     140     321     571      811     609970
  U          21639067    374.6     341     591     972     1643     531453
  book      263241937    191.7     160     321     611     1012     609970
  all       268744780    188.4     160     321     611     1002     609970
