data/itch/12302019.NASDAQ_ITCH50: 268744780 messages, book_errors 0, timer rdtsc (0.41 ns/tick)
  type          count     mean     p50     p90     p99    p99.9        max   (ns)
  timer      10000000     25.3      30      30      30       30      32051
  A         117145568    297.1     240     561     972     1593    1834989
  F           1485888    318.2     220     621    1252     2735     680653
  E           5722824    443.1     391     852    1553     2094      45185
  C             99917    286.6     171     561    1353     1913      17814
  X           2787676    253.2     200     461    1012     1583      52639
  D         114360997    412.6     351     791    1453     1994     107282
  U          21639067    685.6     561    1352    1933     3246      71034
  book      263241937    382.0     310     741    1483     2094    1834989
  all       268744780    374.8     301     732    1483     2084    1834989
